"subject"	"IAT1"	"IAT1_odd"	"IAT1_even"	"IAT1_block1"	"Liking_1"	"Expect_1"	"measureorder"	"Liking_2"	"Expect_2"	"measureorder2"	"US1valence"	"US2valence"	"instructionclarity"	"instructionbelief"	"Soundcdt"	"Group"	"presorder"	"Contingency"	"Csplus"	"measorder_soundorder"	"nrUSs"	"IATtype"	"concorr"	"lat_comp"	"lat_incomp"	"negUSvalence"	"posUSvalence"	"Expect1_CSplus"	"Expect1_CSmin"	"Liking1_CSplus"	"Liking1_CSmin"
"1"	14408581	0.1689	0.3862	-0.0671	"compatibletest1"	-0.0110212485947447	-1.42077230716022	1	-1.07607736473606	0.991894638673348	1	-3	NA	9	9	1	5	1	1	2	1	1	1	2	669.5	694.35	-3	NA	0.991894638673348	-1.42077230716022	-1.07607736473606	-0.0110212485947447
"2"	27610522	0.1184	-0.3655	0.2351	"incompatibletest1"	-0.0110212485947447	1.56014736832308	2	-0.258882380501719	0.991894638673348	2	4	-4	5	9	2	26	2	1	1	2	2	1	2	850.766666666667	885.733333333333	-4	4	0.991894638673348	1.56014736832308	-0.258882380501719	-0.0110212485947447
"3"	31146522	0.5558	-0.7434	-0.4177	"incompatibletest1"	-2.07356919989697	1.56014736832308	2	-0.0545836344431334	0.991894638673348	2	2	-5	6	9	2	26	2	1	1	2	2	1	2	1090.41666666667	1368.15	-5	2	0.991894638673348	1.56014736832308	-0.0545836344431334	-2.07356919989697
"4"	36947597	0.8122	0.9072	0.7487	"compatibletest1"	-2.07356919989697	-1.42077230716022	2	-2.09757109502899	-0.691242636795675	2	0	NA	9	2	1	13	1	1	2	2	1	1	2	850.166666666667	1174.25	0	NA	-0.691242636795675	-1.42077230716022	-2.09757109502899	-2.07356919989697
"5"	52888907	0.639	0.2906	0.8526	"compatibletest1"	-0.0110212485947447	0.0696875305814321	2	1.17120884190838	-1.02787009188948	2	-4	NA	8	8	1	11	1	2	1	2	1	1	2	1064.78333333333	1586.48333333333	-4	NA	0.0696875305814321	-1.02787009188948	-0.0110212485947447	1.17120884190838
"6"	53719809	0.1573	0.0169	0.3602	"compatibletest1"	-0.0110212485947447	1.18753240888767	1	-0.0545836344431334	-1.02787009188948	1	4	NA	9	9	1	1	1	1	1	1	1	1	2	598.616666666667	634.133333333333	4	NA	1.18753240888767	-1.02787009188948	-0.0110212485947447	-0.0545836344431334
"7"	63407303	0.2664	0.3351	0.2206	"compatibletest1"	1.22650752218659	-1.42077230716022	1	1.17120884190838	-0.0179877266080658	1	-5	NA	9	9	1	7	1	2	2	1	1	1	2	874.616666666667	947.5	-5	NA	-0.0179877266080658	-1.42077230716022	1.17120884190838	1.22650752218659
"8"	73617682	0.6379	-0.6299	-0.6686	"incompatibletest1"	-0.836040429115636	-1.42077230716022	1	0.762611349791207	0.991894638673348	1	5	-4	7	8	2	18	2	1	1	1	2	1	2	544.283333333333	649.75	5	-4	0.991894638673348	-1.42077230716022	0.762611349791207	-0.836040429115636
"9"	86912009	0.7077	0.7806	0.7136	"compatibletest1"	-0.0110212485947447	1.18753240888767	2	-0.0545836344431334	-1.02787009188948	2	-1	NA	9	9	1	9	1	1	1	2	1	1	2	730.233333333333	944.583333333333	-1	NA	1.18753240888767	-1.02787009188948	-0.0110212485947447	-0.0545836344431334
"10"	89219869	0.4403	0.5761	0.2269	"compatibletest1"	-0.836040429115636	0.0696875305814321	2	-0.871778618677474	0.318639728485739	2	-5	-5	6	5	2	29	1	1	2	2	2	1	0	661.966666666667	773.6	-5	-5	0.318639728485739	0.0696875305814321	-0.871778618677474	-0.836040429115636
"11"	91823196	0.8657	-0.8778	-0.8808	"incompatibletest1"	2.05152670270748	-1.42077230716022	2	1.98840382614272	0.655267183579543	2	5	-3	9	9	2	28	2	2	1	2	2	1	2	627.2	828.966666666667	-3	5	0.655267183579543	-1.42077230716022	1.98840382614272	2.05152670270748
"12"	99357459	0.4444	0.5341	0.3247	"compatibletest1"	-1.04229522424586	0.442302490016844	1	1.98840382614272	-1.02787009188948	1	-4	4	9	8	2	19	1	2	1	1	2	1	2	726.233333333333	819.05	-4	4	0.442302490016844	-1.02787009188948	-1.04229522424586	1.98840382614272
"13"	132697943	0.609	0.5949	0.6287	"compatibletest1"	-0.0110212485947447	0.0696875305814321	1	-0.871778618677474	-0.35461518170187	1	-2	3	6	6	2	23	1	2	2	1	2	1	2	759.183333333333	925.8	-2	3	-0.35461518170187	0.0696875305814321	-0.871778618677474	-0.0110212485947447
"14"	134174151	0.0235	0.3811	-0.6437	"compatibletest1"	-0.0110212485947447	-1.42077230716022	1	-0.258882380501719	0.318639728485739	1	-3	NA	9	9	1	7	1	2	2	1	1	1	2	1018.45	1023.05	-3	NA	0.318639728485739	-1.42077230716022	-0.258882380501719	-0.0110212485947447
"15"	141516230	0.574	-0.6563	-0.6946	"incompatibletest1"	-0.0110212485947447	1.18753240888767	1	0.966910095849792	-1.02787009188948	1	-5	NA	8	8	1	6	2	1	2	1	1	1	2	516.933333333333	582.966666666667	-5	NA	1.18753240888767	-1.02787009188948	-0.0110212485947447	0.966910095849792
"16"	152752706	0.273	-0.3486	-0.1766	"incompatibletest1"	-0.0110212485947447	-1.42077230716022	1	-0.0545836344431334	0.991894638673348	1	-5	NA	9	9	1	2	2	1	1	1	1	1	2	572.6	600.05	-5	NA	0.991894638673348	-1.42077230716022	-0.0545836344431334	-0.0110212485947447
"17"	156313361	0.6374	0.5492	0.7888	"compatibletest1"	-0.0110212485947447	0.814917449452257	1	-0.0545836344431334	-1.02787009188948	1	-2	5	9	8	2	17	1	1	1	1	2	1	2	618.15	726.966666666667	-2	5	0.814917449452257	-1.02787009188948	-0.0110212485947447	-0.0545836344431334
"18"	159957827	-0.0726	-0.1335	-0.0224	"compatibletest1"	-0.0110212485947447	1.56014736832308	1	-0.0545836344431334	-0.0179877266080658	1	-5	NA	9	9	1	3	1	2	1	1	1	1	2	661.366666666667	611.566666666667	-5	NA	1.56014736832308	-0.0179877266080658	-0.0110212485947447	-0.0545836344431334
"19"	162957903	-0.0521	0.0435	-0.1699	"compatibletest1"	1.02025272705637	-1.42077230716022	2	-1.07607736473606	0.655267183579543	2	-5	NA	7	9	1	15	1	2	2	2	1	1	2	876.733333333333	848.683333333333	-5	NA	0.655267183579543	-1.42077230716022	-1.07607736473606	1.02025272705637
"20"	163022102	-0.6562	0.7341	0.6059	"incompatibletest1"	1.22650752218659	0.0696875305814321	1	1.37550758796696	-0.0179877266080658	1	-3	1	8	6	2	22	2	1	2	1	2	1	2	1383.46666666667	1037.86666666667	-3	1	0.0696875305814321	-0.0179877266080658	1.22650752218659	1.37550758796696
"21"	173242952	0.0248	-0.3023	0.2368	"incompatibletest1"	1.43276231731682	1.18753240888767	1	-0.463181126560304	0.318639728485739	1	1	NA	9	9	1	8	2	2	2	1	1	1	2	879.283333333333	884.85	1	NA	1.18753240888767	0.318639728485739	1.43276231731682	-0.463181126560304
"22"	176726614	0.1874	-0.1759	-0.2821	"incompatibletest1"	-0.217276043724968	1.18753240888767	1	0.354013857674037	1.66514954886096	1	-4	5	9	8	2	22	2	1	2	1	2	1	2	522.583333333333	531.433333333333	-4	5	1.18753240888767	1.66514954886096	-0.217276043724968	0.354013857674037
"23"	183858121	0.2855	0.8688	0.2103	"compatibletest1"	0.401488341665701	1.18753240888767	2	-1.07607736473606	-1.02787009188948	2	-5	NA	9	9	1	9	1	1	1	2	1	1	2	684.7	733.3	-5	NA	1.18753240888767	-1.02787009188948	0.401488341665701	-1.07607736473606
"24"	184128077	-0.1399	0.1626	-0.2935	"compatibletest1"	-0.0110212485947447	-1.42077230716022	2	-0.463181126560304	1.32852209376715	2	-4	NA	8	8	1	13	1	1	2	2	1	1	2	801.383333333333	755.666666666667	-4	NA	1.32852209376715	-1.42077230716022	-0.463181126560304	-0.0110212485947447
"25"	196911625	0.354	0.3518	0.3857	"compatibletest1"	-0.0110212485947447	0.442302490016844	2	0.149715111615452	0.991894638673348	2	-4	NA	7	8	1	9	1	1	1	2	1	1	2	624.833333333333	712.633333333333	-4	NA	0.442302490016844	0.991894638673348	-0.0110212485947447	0.149715111615452
"26"	215496906	-0.219	0.1119	0.5593	"incompatibletest1"	2.05152670270748	-1.42077230716022	2	-1.07607736473606	1.32852209376715	2	-5	NA	9	9	1	10	2	1	1	2	1	1	2	618.366666666667	615.016666666667	-5	NA	1.32852209376715	-1.42077230716022	-1.07607736473606	2.05152670270748
"27"	220876424	-0.2725	0.4418	0.1344	"incompatibletest1"	2.05152670270748	0.0696875305814321	1	-0.463181126560304	-1.02787009188948	1	-5	NA	9	9	1	8	2	2	2	1	1	1	2	671.983333333333	627.5	-5	NA	0.0696875305814321	-1.02787009188948	2.05152670270748	-0.463181126560304
"28"	224858117	-0.0014	0.1559	-0.5595	"compatibletest1"	1.22650752218659	-1.42077230716022	1	-0.0545836344431334	1.32852209376715	1	-4	NA	9	9	1	5	1	1	2	1	1	1	2	767.566666666667	760.4	-4	NA	1.32852209376715	-1.42077230716022	-0.0545836344431334	1.22650752218659
"29"	226028952	-0.0152	0.0052	-0.0514	"incompatibletest1"	0.195233546535478	0.0696875305814321	1	0.149715111615452	0.318639728485739	1	-2	1	3	4	2	24	2	2	2	1	2	1	2	717.583333333333	711.85	-2	1	0.0696875305814321	0.318639728485739	0.195233546535478	0.149715111615452
"30"	226153666	0.1095	-0.348	0.2824	"incompatibletest1"	-0.0110212485947447	-1.42077230716022	1	-0.0545836344431334	1.32852209376715	1	-3	NA	3	8	1	2	2	1	1	1	1	1	2	812.05	825.066666666667	-3	NA	1.32852209376715	-1.42077230716022	-0.0545836344431334	-0.0110212485947447
"31"	229156097	-0.3206	-0.2788	-0.5669	"compatibletest1"	-1.66105960963653	1.18753240888767	1	0.966910095849792	1.66514954886096	1	-5	NA	9	3	1	1	1	1	1	1	1	1	2	1018.01666666667	941.65	-5	NA	1.18753240888767	1.66514954886096	-1.66105960963653	0.966910095849792
"32"	233831765	0.6493	0.6766	0.6949	"compatibletest1"	-0.0110212485947447	1.56014736832308	1	-0.0545836344431334	0.318639728485739	1	0	4	8	9	2	21	1	1	2	1	2	1	2	585.75	779.3	0	4	0.318639728485739	1.56014736832308	-0.0545836344431334	-0.0110212485947447
"33"	239336410	-0.5756	0.536	0.5902	"incompatibletest1"	-0.0110212485947447	1.56014736832308	2	-0.0545836344431334	1.32852209376715	2	3	-5	8	8	2	26	2	1	1	2	2	1	2	833.716666666667	634.25	-5	3	1.32852209376715	1.56014736832308	-0.0545836344431334	-0.0110212485947447
"34"	241767301	0.2836	-0.0057	0.5876	"compatibletest1"	1.02025272705637	-1.0481573477248	1	-0.258882380501719	-1.02787009188948	1	-5	NA	9	9	1	5	1	1	2	1	1	1	2	790	892.483333333333	-5	NA	-1.02787009188948	-1.0481573477248	-0.258882380501719	1.02025272705637
"35"	258784722	0.0182	-0.2212	0.1022	"incompatibletest1"	-0.0110212485947447	-1.42077230716022	1	-0.871778618677474	0.991894638673348	1	-4	0	9	9	2	18	2	1	1	1	2	1	2	598.9	599.183333333333	-4	0	0.991894638673348	-1.42077230716022	-0.871778618677474	-0.0110212485947447
"36"	266956893	0.5235	0.6063	0.4817	"compatibletest1"	-0.0110212485947447	-1.42077230716022	2	-2.09757109502899	0.991894638673348	2	5	-5	9	9	2	29	1	1	2	2	2	1	2	596.766666666667	731	-5	5	0.991894638673348	-1.42077230716022	-2.09757109502899	-0.0110212485947447
"37"	270115586	-0.0272	0.034	0.0288	"incompatibletest1"	2.05152670270748	0.814917449452257	1	-0.0545836344431334	-1.02787009188948	1	0	NA	9	9	1	2	2	1	1	1	1	1	0	835.383333333333	832.216666666667	0	NA	-1.02787009188948	0.814917449452257	-0.0545836344431334	2.05152670270748
"38"	274783184	0.1948	-0.2231	-0.172	"incompatibletest1"	0.401488341665701	0.0696875305814321	2	0.354013857674037	-1.02787009188948	2	-4	NA	9	9	1	16	2	2	2	2	1	1	2	687.716666666667	699.333333333333	-4	NA	0.0696875305814321	-1.02787009188948	0.401488341665701	0.354013857674037
"39"	283342749	0.6061	0.6977	0.791	"compatibletest1"	-0.0110212485947447	1.56014736832308	2	-1.07607736473606	0.655267183579543	2	3	-3	5	9	2	29	1	1	2	2	2	1	2	681.966666666667	839.033333333333	-3	3	0.655267183579543	1.56014736832308	-1.07607736473606	-0.0110212485947447
"40"	289841284	-0.3698	0.3691	0.4037	"incompatibletest1"	-0.629785633985413	0.0696875305814321	1	0.966910095849792	-1.02787009188948	1	-3	NA	9	9	1	4	2	2	1	1	1	1	2	754.25	655.133333333333	-3	NA	-1.02787009188948	0.0696875305814321	0.966910095849792	-0.629785633985413
"41"	291011844	-0.2288	0.2933	0.0897	"incompatibletest1"	2.05152670270748	-1.0481573477248	1	-1.68897360291181	0.318639728485739	1	-5	NA	9	9	1	4	2	2	1	1	1	1	2	635.733333333333	597.5	-5	NA	0.318639728485739	-1.0481573477248	-1.68897360291181	2.05152670270748
"42"	296211101	0.5225	0.3976	0.6357	"compatibletest1"	0.607743136795924	-1.42077230716022	2	-1.28037611079464	0.318639728485739	2	3	-4	7	8	2	29	1	1	2	2	2	1	2	855.7	1101.36666666667	-4	3	0.318639728485739	-1.42077230716022	-1.28037611079464	0.607743136795924
"43"	314932865	0.2762	0.2392	0.348	"compatibletest1"	-0.0110212485947447	0.814917449452257	1	-0.0545836344431334	-1.02787009188948	1	-4	NA	7	9	1	1	1	1	1	1	1	1	2	691.366666666667	806.733333333333	-4	NA	0.814917449452257	-1.02787009188948	-0.0110212485947447	-0.0545836344431334
"44"	333795546	-0.081	0.0547	0.1188	"incompatibletest1"	2.05152670270748	1.56014736832308	2	1.78410508008413	0.991894638673348	2	5	-5	8	8	2	26	2	1	1	2	2	1	2	616.133333333333	611.75	-5	5	0.991894638673348	1.56014736832308	1.78410508008413	2.05152670270748
"45"	342357909	0.4106	0.5172	0.2942	"compatibletest1"	0.195233546535478	-1.42077230716022	1	-0.258882380501719	0.655267183579543	1	5	0	6	6	2	21	1	1	2	1	2	1	2	1168.75	1587.66666666667	5	0	0.655267183579543	-1.42077230716022	-0.258882380501719	0.195233546535478
"46"	345739281	0.3374	0.1724	0.7644	"compatibletest1"	-0.0110212485947447	0.442302490016844	1	-0.0545836344431334	1.66514954886096	1	-3	1	4	7	2	17	1	1	1	1	2	1	2	704.3	771.1	-3	1	0.442302490016844	1.66514954886096	-0.0110212485947447	-0.0545836344431334
"47"	349151835	0.4376	0.4327	0.6637	"compatibletest1"	-0.0110212485947447	0.0696875305814321	2	-1.28037611079464	-1.02787009188948	2	-3	-5	7	7	2	27	1	2	1	2	2	1	2	723.7	845.7	-5	-3	0.0696875305814321	-1.02787009188948	-0.0110212485947447	-1.28037611079464
"48"	350596097	0.6416	0.3467	1.0484	"compatibletest1"	-0.0110212485947447	0.814917449452257	1	-0.258882380501719	-1.02787009188948	1	-5	NA	9	7	1	1	1	1	1	1	1	1	2	538.716666666667	650.7	-5	NA	0.814917449452257	-1.02787009188948	-0.0110212485947447	-0.258882380501719
"49"	395047824	0.3918	-0.6888	-0.006	"incompatibletest1"	-1.66105960963653	1.18753240888767	2	0.762611349791207	-0.35461518170187	2	-3	NA	8	8	1	16	2	2	2	2	1	1	2	641.25	730.183333333333	-3	NA	1.18753240888767	-0.35461518170187	-1.66105960963653	0.762611349791207
"50"	412149335	0.2836	0.2414	0.2796	"compatibletest1"	0.607743136795924	0.0696875305814321	1	0.558312603732622	-1.02787009188948	1	-5	3	8	9	2	23	1	2	2	1	2	1	2	681.633333333333	746.866666666667	-5	3	-1.02787009188948	0.0696875305814321	0.558312603732622	0.607743136795924
"51"	414549697	0.3033	0.0781	0.4796	"compatibletest1"	-0.0110212485947447	-1.0481573477248	1	-0.0545836344431334	-1.02787009188948	1	4	NA	8	8	1	1	1	1	1	1	1	1	2	619.966666666667	646.833333333333	4	NA	-1.0481573477248	-1.02787009188948	-0.0110212485947447	-0.0545836344431334
"52"	419537739	0.7524	0.6617	0.8541	"compatibletest1"	-1.04229522424586	0.0696875305814321	2	-0.0545836344431334	1.32852209376715	2	-5	NA	8	7	1	11	1	2	1	2	1	1	2	610.85	788.283333333333	-5	NA	0.0696875305814321	1.32852209376715	-1.04229522424586	-0.0545836344431334
"53"	420115269	0.1239	0.2447	-0.0464	"compatibletest1"	-0.0110212485947447	-1.42077230716022	1	0.762611349791207	0.991894638673348	1	-5	NA	9	9	1	5	1	1	2	1	1	1	2	731.283333333333	758.366666666667	-5	NA	0.991894638673348	-1.42077230716022	0.762611349791207	-0.0110212485947447
"54"	436003095	0.1722	-0.0356	0.4597	"compatibletest1"	1.02025272705637	-1.42077230716022	1	-0.871778618677474	1.66514954886096	1	-3	3	5	8	2	23	1	2	2	1	2	1	2	726.416666666667	764.033333333333	-3	3	1.66514954886096	-1.42077230716022	-0.871778618677474	1.02025272705637
"55"	443774358	0.4827	-0.3441	-0.8638	"incompatibletest1"	-0.423530838855191	1.18753240888767	1	1.57980633402555	-1.02787009188948	1	-4	5	8	9	2	22	2	1	2	1	2	1	2	889.8	1110.11666666667	-4	5	1.18753240888767	-1.02787009188948	-0.423530838855191	1.57980633402555
"56"	457393043	0.8979	0.9796	0.8092	"compatibletest1"	0.607743136795924	1.56014736832308	1	1.37550758796696	-1.02787009188948	1	-5	5	8	8	2	19	1	2	1	1	2	1	2	628.483333333333	857.916666666667	-5	5	1.56014736832308	-1.02787009188948	0.607743136795924	1.37550758796696
"57"	463615065	-0.3641	-0.4615	-0.2871	"compatibletest1"	-0.0110212485947447	0.814917449452257	2	-0.0545836344431334	-1.02787009188948	2	1	-3	9	9	2	25	1	1	1	2	2	1	2	766.933333333333	655.983333333333	-3	1	0.814917449452257	-1.02787009188948	-0.0110212485947447	-0.0545836344431334
"58"	468221841	0.5488	0.6934	0.4782	"compatibletest1"	0.607743136795924	1.56014736832308	1	-0.258882380501719	-1.02787009188948	1	-3	-1	8	9	2	17	1	1	1	1	2	1	2	589.033333333333	680.116666666667	-3	-1	1.56014736832308	-1.02787009188948	0.607743136795924	-0.258882380501719
"59"	494388417	0.2415	0.4294	0.1604	"compatibletest1"	1.22650752218659	0.0696875305814321	1	-1.48467485685323	-1.02787009188948	1	0	NA	8	8	1	1	1	1	1	1	1	1	2	783.316666666667	848.5	0	NA	0.0696875305814321	-1.02787009188948	1.22650752218659	-1.48467485685323
"60"	495827467	-0.0541	-0.0458	-0.0784	"compatibletest1"	-2.07356919989697	0.0696875305814321	2	-2.09757109502899	0.318639728485739	2	-5	NA	9	0	1	11	1	2	1	2	1	1	1	812.533333333333	807.966666666667	-5	NA	0.0696875305814321	0.318639728485739	-2.07356919989697	-2.09757109502899
"61"	503621444	0.2146	-0.2831	-0.1076	"incompatibletest1"	-0.0110212485947447	1.18753240888767	1	0.558312603732622	0.318639728485739	1	-5	NA	9	8	1	4	2	2	1	1	1	1	2	845.15	912.7	-5	NA	0.318639728485739	1.18753240888767	0.558312603732622	-0.0110212485947447
"62"	531485150	-0.179	0.2505	0.0661	"incompatibletest1"	-0.0110212485947447	0.814917449452257	2	-0.0545836344431334	-1.02787009188948	2	-2	-4	7	7	2	30	2	1	2	2	2	1	2	657.016666666667	581.466666666667	-4	-2	0.814917449452257	-1.02787009188948	-0.0110212485947447	-0.0545836344431334
"63"	542791619	-0.6066	-0.8259	-0.3272	"compatibletest1"	-0.0110212485947447	0.0696875305814321	1	0.966910095849792	-1.02787009188948	1	-5	NA	8	9	1	3	1	2	1	1	1	1	2	1010.36666666667	721.516666666667	-5	NA	0.0696875305814321	-1.02787009188948	-0.0110212485947447	0.966910095849792
"64"	544829445	0.3987	0.3446	0.4593	"compatibletest1"	-0.0110212485947447	-1.42077230716022	1	-0.0545836344431334	0.991894638673348	1	-5	NA	7	8	1	5	1	1	2	1	1	1	2	545.15	622.816666666667	-5	NA	0.991894638673348	-1.42077230716022	-0.0545836344431334	-0.0110212485947447
"65"	550733009	0.6765	0.8172	0.5405	"compatibletest1"	0.813997931926147	0.814917449452257	1	-0.463181126560304	-1.02787009188948	1	-2	3	9	8	2	17	1	1	1	1	2	1	2	579.4	693.266666666667	-2	3	0.814917449452257	-1.02787009188948	0.813997931926147	-0.463181126560304
"66"	568986198	0.0939	-0.2114	0.0846	"incompatibletest1"	-0.0110212485947447	0.814917449452257	1	-0.0545836344431334	-1.02787009188948	1	-2	3	8	9	2	22	2	1	2	1	2	1	2	624.55	632.85	-2	3	0.814917449452257	-1.02787009188948	-0.0110212485947447	-0.0545836344431334
"67"	578190809	0.1538	0.3341	-0.1101	"compatibletest1"	-2.07356919989697	0.814917449452257	2	-2.09757109502899	-1.02787009188948	2	2	-5	9	9	2	25	1	1	1	2	2	1	2	824.783333333333	847.383333333333	-5	2	0.814917449452257	-1.02787009188948	-2.07356919989697	-2.09757109502899
"68"	600379789	0.8027	0.7717	0.8278	"compatibletest1"	-0.0110212485947447	-1.42077230716022	2	-0.0545836344431334	-1.02787009188948	2	-4	NA	7	5	1	13	1	1	2	2	1	1	2	611.983333333333	773.6	-4	NA	-1.02787009188948	-1.42077230716022	-0.0545836344431334	-0.0110212485947447
"69"	604194443	0.2899	0.2714	0.5421	"compatibletest1"	-1.04229522424586	0.0696875305814321	2	-0.0545836344431334	-1.02787009188948	2	-5	NA	9	9	1	11	1	2	1	2	1	1	2	648.15	723.8	-5	NA	0.0696875305814321	-1.02787009188948	-1.04229522424586	-0.0545836344431334
"70"	607575494	0.647	-0.2976	-1.0296	"incompatibletest1"	-0.0110212485947447	0.0696875305814321	1	-0.0545836344431334	-1.02787009188948	1	-5	NA	9	5	1	6	2	1	2	1	1	1	2	676.416666666667	830.533333333333	-5	NA	0.0696875305814321	-1.02787009188948	-0.0110212485947447	-0.0545836344431334
"71"	609045512	0.4069	-0.1723	-0.6889	"incompatibletest1"	-0.0110212485947447	0.0696875305814321	1	-0.0545836344431334	-1.02787009188948	1	-5	NA	9	9	1	8	2	2	2	1	1	1	2	666.783333333333	748.883333333333	-5	NA	0.0696875305814321	-1.02787009188948	-0.0110212485947447	-0.0545836344431334
"72"	628366283	0.0444	0.3209	-0.118	"compatibletest1"	2.05152670270748	0.0696875305814321	2	1.98840382614272	-1.02787009188948	2	-2	NA	3	3	1	11	1	2	1	2	1	1	2	894.766666666667	898.416666666667	-2	NA	0.0696875305814321	-1.02787009188948	2.05152670270748	1.98840382614272
"73"	635568851	1.0041	1.0359	0.9786	"compatibletest1"	-0.0110212485947447	0.0696875305814321	1	-0.0545836344431334	-1.02787009188948	1	-4	1	8	8	2	19	1	2	1	1	2	1	2	640.233333333333	835.016666666667	-4	1	0.0696875305814321	-1.02787009188948	-0.0110212485947447	-0.0545836344431334
"74"	644201817	0.4596	0.4372	0.5797	"compatibletest1"	-2.07356919989697	1.18753240888767	2	-2.09757109502899	1.66514954886096	2	3	-5	8	8	2	25	1	1	1	2	2	1	2	609.016666666667	683.316666666667	-5	3	1.18753240888767	1.66514954886096	-2.07356919989697	-2.09757109502899
"75"	656711511	0.6268	0.7556	0.4182	"compatibletest1"	1.02025272705637	-1.0481573477248	1	-2.09757109502899	0.318639728485739	1	-4	0	9	8	2	23	1	2	2	1	2	1	2	664.5	945.033333333333	-4	0	0.318639728485739	-1.0481573477248	-2.09757109502899	1.02025272705637
"76"	657453971	0.4057	0.3914	0.4811	"compatibletest1"	-1.86731440476675	0.814917449452257	1	0.966910095849792	1.32852209376715	1	-5	4	9	9	2	19	1	2	1	1	2	1	2	677.633333333333	850	-5	4	0.814917449452257	1.32852209376715	-1.86731440476675	0.966910095849792
"77"	660438105	0.3604	0.2656	0.6863	"compatibletest1"	-0.217276043724968	-0.675542388289393	2	-0.0545836344431334	-0.35461518170187	2	-5	-2	9	9	2	25	1	1	1	2	2	1	2	655.316666666667	761.083333333333	-2	-5	-0.675542388289393	-0.35461518170187	-0.217276043724968	-0.0545836344431334
"78"	661598669	0.689	0.5825	0.9626	"compatibletest1"	-0.0110212485947447	-1.42077230716022	2	-0.258882380501719	0.991894638673348	2	-2	NA	9	8	1	13	1	1	2	2	1	1	2	552.933333333333	653.233333333333	-2	NA	0.991894638673348	-1.42077230716022	-0.258882380501719	-0.0110212485947447
"79"	662838166	-0.6541	0.6196	0.699	"incompatibletest1"	0.401488341665701	-0.675542388289393	1	-0.0545836344431334	-1.02787009188948	1	5	5	7	8	2	22	2	1	2	1	2	1	2	1153.3	927.7	5	5	-0.675542388289393	-1.02787009188948	0.401488341665701	-0.0545836344431334
"80"	666439573	-0.5564	-0.5672	-0.5751	"compatibletest1"	-0.423530838855191	1.56014736832308	1	-0.667479872618889	-1.02787009188948	1	-5	5	9	9	2	21	1	1	2	1	2	1	2	676.316666666667	556.016666666667	-5	5	-1.02787009188948	1.56014736832308	-0.667479872618889	-0.423530838855191
"81"	672447888	0.2077	-0.1003	-0.4267	"incompatibletest1"	-0.0110212485947447	0.442302490016844	2	0.966910095849792	-1.02787009188948	2	-3	NA	7	9	1	16	2	2	2	2	1	1	2	692.466666666667	818.916666666667	-3	NA	0.442302490016844	-1.02787009188948	-0.0110212485947447	0.966910095849792
"82"	675992203	0.9235	0.8478	1.054	"compatibletest1"	-0.0110212485947447	0.0696875305814321	2	-0.0545836344431334	0.318639728485739	2	-4	NA	6	8	1	11	1	2	1	2	1	1	2	572.25	884.183333333333	-4	NA	0.0696875305814321	0.318639728485739	-0.0110212485947447	-0.0545836344431334
"83"	682310355	0.9479	1.1004	0.8082	"compatibletest1"	-0.0110212485947447	0.0696875305814321	1	1.98840382614272	-1.02787009188948	1	-3	5	9	9	2	19	1	2	1	1	2	1	2	729.966666666667	984.516666666667	-3	5	0.0696875305814321	-1.02787009188948	-0.0110212485947447	1.98840382614272
"84"	683301204	-0.5923	0.7856	0.3433	"incompatibletest1"	1.43276231731682	1.56014736832308	1	-2.09757109502899	0.318639728485739	1	0	2	8	9	2	20	2	2	1	1	2	1	2	772.6	645.166666666667	0	2	0.318639728485739	1.56014736832308	-2.09757109502899	1.43276231731682
"85"	686425170	0.2062	-0.5888	0.3107	"incompatibletest1"	-0.0110212485947447	0.0696875305814321	1	-0.0545836344431334	0.318639728485739	1	-3	3	7	9	2	18	2	1	1	1	2	1	2	888.433333333333	955.633333333333	-3	3	0.318639728485739	0.0696875305814321	-0.0545836344431334	-0.0110212485947447
"86"	687063261	0.0349	0.0244	0.0573	"compatibletest1"	-2.07356919989697	-0.30292742885398	2	-2.09757109502899	-0.0179877266080658	2	-5	-5	5	5	2	29	1	1	2	2	2	1	2	753.633333333333	756.2	-5	-5	-0.0179877266080658	-0.30292742885398	-2.09757109502899	-2.07356919989697
"87"	689812946	0.5359	-0.4745	-0.6471	"incompatibletest1"	-0.0110212485947447	-1.42077230716022	1	1.98840382614272	0.991894638673348	1	-3	5	9	9	2	18	2	1	1	1	2	1	2	613	736.45	-3	5	0.991894638673348	-1.42077230716022	1.98840382614272	-0.0110212485947447
"88"	693699166	-0.4855	0.5583	0.3394	"incompatibletest1"	0.607743136795924	1.18753240888767	2	-0.0545836344431334	-0.691242636795675	2	0	0	5	8	2	30	2	1	2	2	2	1	2	854.633333333333	640.983333333333	0	0	1.18753240888767	-0.691242636795675	0.607743136795924	-0.0545836344431334
"89"	702971156	0.1036	0.0231	-0.3526	"incompatibletest1"	-0.0110212485947447	-1.42077230716022	1	-1.07607736473606	0.318639728485739	1	-5	4	6	6	2	20	2	2	1	1	2	1	2	760.866666666667	815.45	-5	4	0.318639728485739	-1.42077230716022	-1.07607736473606	-0.0110212485947447
"90"	709358933	0.2233	0.0878	0.3435	"compatibletest1"	-0.423530838855191	0.814917449452257	1	-0.258882380501719	-1.02787009188948	1	-3	-1	9	8	2	21	1	1	2	1	2	1	0	646.466666666667	685.383333333333	-3	-1	-1.02787009188948	0.814917449452257	-0.258882380501719	-0.423530838855191
"91"	710425552	-0.4402	0.4845	0.5284	"incompatibletest1"	-2.07356919989697	0.814917449452257	2	1.98840382614272	-1.02787009188948	2	-5	NA	9	9	1	16	2	2	2	2	1	1	2	731.85	663.816666666667	-5	NA	0.814917449452257	-1.02787009188948	-2.07356919989697	1.98840382614272
"92"	718996367	0.3113	0.2396	0.393	"compatibletest1"	0.607743136795924	-1.42077230716022	2	-0.0545836344431334	0.318639728485739	2	4	NA	8	8	1	15	1	2	2	2	1	1	2	653.133333333333	726.016666666667	4	NA	0.318639728485739	-1.42077230716022	-0.0545836344431334	0.607743136795924
"93"	720734659	-0.0329	-0.1754	0.1639	"compatibletest1"	-0.0110212485947447	0.0696875305814321	1	0.966910095849792	-1.02787009188948	1	-5	NA	9	9	1	3	1	2	1	1	1	1	2	724.366666666667	750.566666666667	-5	NA	0.0696875305814321	-1.02787009188948	-0.0110212485947447	0.966910095849792
"94"	721683031	0.2456	0.4631	0.0716	"compatibletest1"	0.813997931926147	-0.30292742885398	1	0.966910095849792	-1.02787009188948	1	2	-3	9	9	2	23	1	2	2	1	2	1	2	720.383333333333	800.15	2	-3	-1.02787009188948	-0.30292742885398	0.966910095849792	0.813997931926147
"95"	727366163	0.7602	0.6776	0.8277	"compatibletest1"	1.02025272705637	0.0696875305814321	1	-0.667479872618889	-1.02787009188948	1	-5	3	9	9	2	19	1	2	1	1	2	1	2	847.283333333333	1051.9	-5	3	0.0696875305814321	-1.02787009188948	1.02025272705637	-0.667479872618889
"96"	731262288	0.6826	-0.6256	-0.8385	"incompatibletest1"	-0.217276043724968	0.0696875305814321	2	-0.0545836344431334	-1.02787009188948	2	-5	NA	8	8	1	16	2	2	2	2	1	1	2	889.383333333333	1217.41666666667	-5	NA	0.0696875305814321	-1.02787009188948	-0.217276043724968	-0.0545836344431334
"97"	753152529	-0.4084	-0.4355	-0.3779	"compatibletest1"	-0.0110212485947447	0.814917449452257	1	0.354013857674037	-1.02787009188948	1	-4	4	8	8	2	17	1	1	1	1	2	1	2	989.866666666667	881.25	-4	4	0.814917449452257	-1.02787009188948	-0.0110212485947447	0.354013857674037
"98"	755832987	0.7157	0.8038	0.5944	"compatibletest1"	-0.0110212485947447	1.56014736832308	2	0.354013857674037	1.66514954886096	2	3	0	5	8	2	27	1	2	1	2	2	1	2	635.8	879.833333333333	0	3	1.56014736832308	1.66514954886096	-0.0110212485947447	0.354013857674037
"99"	759741722	-0.0131	0.0784	-0.1235	"incompatibletest1"	-2.07356919989697	-0.30292742885398	2	-0.667479872618889	-0.0179877266080658	2	-1	-5	5	5	2	26	2	1	1	2	2	1	2	889.583333333333	874.566666666667	-5	-1	-0.0179877266080658	-0.30292742885398	-0.667479872618889	-2.07356919989697
"100"	760415307	0.5578	0.627	0.4721	"compatibletest1"	-0.0110212485947447	0.0696875305814321	2	0.966910095849792	-1.02787009188948	2	-3	NA	9	9	1	11	1	2	1	2	1	1	2	563.383333333333	621.6	-3	NA	0.0696875305814321	-1.02787009188948	-0.0110212485947447	0.966910095849792
"101"	760454422	0.1538	-0.118	-0.3063	"incompatibletest1"	-0.0110212485947447	-0.675542388289393	1	-1.68897360291181	-0.35461518170187	1	5	5	5	5	2	22	2	1	2	1	2	1	2	805.166666666667	844	5	5	-0.675542388289393	-0.35461518170187	-0.0110212485947447	-1.68897360291181
"102"	762592276	0.5191	-0.6205	-0.4123	"incompatibletest1"	-0.0110212485947447	-1.42077230716022	1	0.558312603732622	0.318639728485739	1	-4	4	9	9	2	20	2	2	1	1	2	1	2	605.3	672.05	-4	4	0.318639728485739	-1.42077230716022	0.558312603732622	-0.0110212485947447
"103"	780566276	-0.1694	0.6726	-0.3505	"incompatibletest1"	1.22650752218659	-1.42077230716022	1	-0.258882380501719	0.655267183579543	1	-3	NA	8	8	1	4	2	2	1	1	1	1	2	805.6	724.2	-3	NA	0.655267183579543	-1.42077230716022	-0.258882380501719	1.22650752218659
"104"	782561686	-0.0066	-0.0869	0.3845	"incompatibletest1"	-0.423530838855191	0.442302490016844	1	-0.0545836344431334	1.66514954886096	1	-3	4	9	9	2	22	2	1	2	1	2	1	2	1131.46666666667	2583.81666666667	-3	4	0.442302490016844	1.66514954886096	-0.423530838855191	-0.0545836344431334
"105"	787865755	0.1937	0.0763	0.3299	"compatibletest1"	-1.04229522424586	0.0696875305814321	2	-2.09757109502899	-1.02787009188948	2	-2	-3	6	9	2	27	1	2	1	2	2	1	2	698.133333333333	741.283333333333	-3	-2	0.0696875305814321	-1.02787009188948	-1.04229522424586	-2.09757109502899
"106"	796884113	0.5675	0.6161	0.7879	"compatibletest1"	-0.0110212485947447	1.18753240888767	1	-0.0545836344431334	1.66514954886096	1	-5	5	7	8	2	17	1	1	1	1	2	1	2	662.916666666667	836.45	-5	5	1.18753240888767	1.66514954886096	-0.0110212485947447	-0.0545836344431334
"107"	799536460	0.4508	-0.4837	-0.857	"incompatibletest1"	-0.0110212485947447	-1.42077230716022	2	-2.09757109502899	0.318639728485739	2	-5	NA	9	9	1	12	2	2	1	2	1	1	2	799.866666666667	1366.5	-5	NA	0.318639728485739	-1.42077230716022	-2.09757109502899	-0.0110212485947447
"108"	814517583	0.1829	0.2202	0.1462	"compatibletest1"	2.05152670270748	-1.42077230716022	2	0.762611349791207	1.66514954886096	2	-5	NA	9	7	1	15	1	2	2	2	1	1	2	834.7	873.866666666667	-5	NA	1.66514954886096	-1.42077230716022	0.762611349791207	2.05152670270748
"109"	819902298	-0.0731	0.1182	0.063	"incompatibletest1"	0.607743136795924	-1.42077230716022	2	-0.667479872618889	0.991894638673348	2	-1	-4	8	8	2	26	2	1	1	2	2	1	2	598.4	595.533333333333	-4	-1	0.991894638673348	-1.42077230716022	-0.667479872618889	0.607743136795924
"110"	821376840	-0.3718	0.5151	0.1517	"incompatibletest1"	-0.0110212485947447	0.442302490016844	1	-0.0545836344431334	-1.02787009188948	1	-4	NA	8	8	1	8	2	2	2	1	1	1	2	787.833333333333	724.066666666667	-4	NA	0.442302490016844	-1.02787009188948	-0.0110212485947447	-0.0545836344431334
"111"	830811528	-0.1003	0.218	-0.0256	"incompatibletest1"	-0.0110212485947447	0.0696875305814321	1	0.762611349791207	-1.02787009188948	1	-4	NA	9	9	1	8	2	2	2	1	1	1	2	764.333333333333	744.95	-4	NA	0.0696875305814321	-1.02787009188948	-0.0110212485947447	0.762611349791207
"112"	833546708	-0.6414	0.5057	1.007	"incompatibletest1"	1.22650752218659	-1.42077230716022	1	0.558312603732622	1.32852209376715	1	-5	2	9	9	2	20	2	2	1	1	2	1	2	738	624.483333333333	-5	2	1.32852209376715	-1.42077230716022	0.558312603732622	1.22650752218659
"113"	844269639	0.2787	0.2142	0.5019	"compatibletest1"	-0.0110212485947447	-1.42077230716022	1	-0.0545836344431334	0.318639728485739	1	-3	NA	4	7	1	7	1	2	2	1	1	1	2	824.233333333333	877.733333333333	-3	NA	0.318639728485739	-1.42077230716022	-0.0545836344431334	-0.0110212485947447
"114"	848126664	-0.1753	0.2341	0.0176	"incompatibletest1"	-0.0110212485947447	0.442302490016844	1	-0.0545836344431334	-1.02787009188948	1	-3	NA	8	7	1	8	2	2	2	1	1	1	2	661.316666666667	600.733333333333	-3	NA	0.442302490016844	-1.02787009188948	-0.0110212485947447	-0.0545836344431334
"115"	852317982	0.5559	-0.4511	-0.7175	"incompatibletest1"	-0.423530838855191	0.814917449452257	2	-0.0545836344431334	-1.02787009188948	2	3	-5	8	9	2	30	2	1	2	2	2	1	2	568.633333333333	610.933333333333	-5	3	0.814917449452257	-1.02787009188948	-0.423530838855191	-0.0545836344431334
"116"	859306523	-0.2123	-0.2418	-0.1761	"compatibletest1"	-1.04229522424586	0.0696875305814321	2	-0.0545836344431334	1.66514954886096	2	0	-3	9	9	2	27	1	2	1	2	2	1	2	617.516666666667	599.616666666667	-3	0	0.0696875305814321	1.66514954886096	-1.04229522424586	-0.0545836344431334
"117"	861579532	-0.2962	0.2937	0.5356	"incompatibletest1"	-0.836040429115636	-1.42077230716022	2	-1.28037611079464	1.66514954886096	2	-5	NA	2	8	1	12	2	2	1	2	1	1	2	781.816666666667	668.416666666667	-5	NA	1.66514954886096	-1.42077230716022	-1.28037611079464	-0.836040429115636
"118"	862165835	0.2596	0.641	-0.222	"compatibletest1"	-1.66105960963653	0.442302490016844	2	-1.07607736473606	-0.35461518170187	2	-5	NA	4	8	1	11	1	2	1	2	1	1	2	723.6	766.15	-5	NA	0.442302490016844	-0.35461518170187	-1.66105960963653	-1.07607736473606
"119"	863410500	-0.3729	0.0551	0.6612	"incompatibletest1"	1.22650752218659	0.814917449452257	1	0.558312603732622	0.991894638673348	1	-4	NA	4	7	1	4	2	2	1	1	1	1	2	931.15	838.116666666667	-4	NA	0.991894638673348	0.814917449452257	0.558312603732622	1.22650752218659
"120"	868482398	0.0093	-0.2825	0.1828	"incompatibletest1"	-1.66105960963653	0.814917449452257	2	0.354013857674037	-1.02787009188948	2	2	-5	8	8	2	30	2	1	2	2	2	1	2	853.033333333333	849.933333333333	-5	2	0.814917449452257	-1.02787009188948	-1.66105960963653	0.354013857674037
"121"	868632333	-0.2841	0.0123	-0.609	"compatibletest1"	-0.0110212485947447	-1.42077230716022	2	0.354013857674037	-1.02787009188948	2	-3	NA	9	9	1	13	1	1	2	2	1	1	2	696.516666666667	717.533333333333	-3	NA	-1.02787009188948	-1.42077230716022	0.354013857674037	-0.0110212485947447
"122"	869487432	-0.6276	0.6566	0.6124	"incompatibletest1"	-0.0110212485947447	-1.42077230716022	1	-0.0545836344431334	-1.02787009188948	1	-5	NA	7	9	1	8	2	2	2	1	1	1	2	938.033333333333	683.183333333333	-5	NA	-1.42077230716022	-1.02787009188948	-0.0110212485947447	-0.0545836344431334
"123"	873762514	0.2438	-0.4699	0.0947	"incompatibletest1"	2.05152670270748	-1.42077230716022	1	1.98840382614272	0.991894638673348	1	5	-3	9	9	2	18	2	1	1	1	2	1	2	559	616.433333333333	5	-3	0.991894638673348	-1.42077230716022	1.98840382614272	2.05152670270748
"124"	880143305	0.388	0.5863	0.2716	"compatibletest1"	-0.0110212485947447	0.814917449452257	2	-0.0545836344431334	-1.02787009188948	2	-3	NA	9	8	1	9	1	1	1	2	1	1	2	559.933333333333	598.583333333333	-3	NA	0.814917449452257	-1.02787009188948	-0.0110212485947447	-0.0545836344431334
"125"	880340319	-0.6462	-0.7785	-0.6035	"compatibletest1"	-0.0110212485947447	1.56014736832308	2	-0.463181126560304	0.318639728485739	2	-2	0	3	6	2	31	1	2	2	2	2	1	2	728.7	596.516666666667	0	-2	0.318639728485739	1.56014736832308	-0.463181126560304	-0.0110212485947447
"126"	904063379	0.1908	0.3705	0.0429	"compatibletest1"	-0.0110212485947447	0.442302490016844	1	-0.0545836344431334	-1.02787009188948	1	0	0	7	3	2	19	1	2	1	1	2	1	2	631.683333333333	714.166666666667	0	0	0.442302490016844	-1.02787009188948	-0.0110212485947447	-0.0545836344431334
"127"	920774983	-0.0427	-0.4167	0.3051	"compatibletest1"	-0.0110212485947447	0.0696875305814321	1	-0.0545836344431334	0.318639728485739	1	-4	NA	9	5	1	7	1	2	2	1	1	1	2	983.733333333333	913.983333333333	-4	NA	0.318639728485739	0.0696875305814321	-0.0545836344431334	-0.0110212485947447
"128"	926938522	-0.3754	0.177	0.4983	"incompatibletest1"	-1.66105960963653	0.0696875305814321	2	-1.48467485685323	0.655267183579543	2	1	-2	4	5	2	26	2	1	1	2	2	1	2	791.883333333333	711	-2	1	0.655267183579543	0.0696875305814321	-1.48467485685323	-1.66105960963653
"129"	937640451	0.2737	-0.0417	0.6074	"compatibletest1"	1.02025272705637	0.814917449452257	1	-0.258882380501719	-1.02787009188948	1	-3	NA	9	9	1	3	1	2	1	1	1	1	2	804.75	886.85	-3	NA	0.814917449452257	-1.02787009188948	1.02025272705637	-0.258882380501719
"130"	939627224	-0.1274	0.083	0.1072	"incompatibletest1"	-0.0110212485947447	0.0696875305814321	1	-0.0545836344431334	1.66514954886096	1	-5	4	7	9	2	24	2	2	2	1	2	1	2	576.033333333333	561.95	-5	4	0.0696875305814321	1.66514954886096	-0.0110212485947447	-0.0545836344431334
"131"	947004444	-0.2282	0.2523	0.3091	"incompatibletest1"	-0.836040429115636	-1.42077230716022	2	-0.0545836344431334	1.66514954886096	2	3	-3	9	9	2	28	2	2	1	2	2	1	2	903.416666666667	839.533333333333	-3	3	1.66514954886096	-1.42077230716022	-0.0545836344431334	-0.836040429115636
"132"	948315936	-0.0124	-0.1216	0.1857	"incompatibletest1"	-1.66105960963653	0.442302490016844	2	-1.07607736473606	0.318639728485739	2	1	-5	7	8	2	32	2	2	2	2	2	1	2	781.083333333333	786.283333333333	-5	1	0.442302490016844	0.318639728485739	-1.66105960963653	-1.07607736473606
"133"	964976595	0.47	0.2332	0.7087	"compatibletest1"	-0.423530838855191	0.0696875305814321	1	0.966910095849792	-0.0179877266080658	1	-3	4	6	3	2	19	1	2	1	1	2	1	2	833.066666666667	997.083333333333	-3	4	0.0696875305814321	-0.0179877266080658	-0.423530838855191	0.966910095849792
"134"	967607573	0.3176	0.2994	0.3709	"compatibletest1"	-1.04229522424586	0.0696875305814321	1	-0.667479872618889	0.318639728485739	1	-4	-5	8	9	2	21	1	1	2	1	2	1	2	670.283333333333	754.116666666667	-4	-5	0.318639728485739	0.0696875305814321	-0.667479872618889	-1.04229522424586
"135"	972450373	-0.2418	-0.1188	-0.414	"compatibletest1"	-1.04229522424586	-1.42077230716022	1	-0.0545836344431334	-1.02787009188948	1	-5	NA	9	8	1	5	1	1	2	1	1	1	2	776.183333333333	758.9	-5	NA	-1.02787009188948	-1.42077230716022	-0.0545836344431334	-1.04229522424586
"136"	984040081	0.396	0.6214	0.2777	"compatibletest1"	-0.629785633985413	1.56014736832308	1	1.57980633402555	1.66514954886096	1	5	5	9	9	2	17	1	1	1	1	2	1	0	727.416666666667	855.25	5	5	1.56014736832308	1.66514954886096	-0.629785633985413	1.57980633402555
"137"	987066570	-0.0964	-0.0311	0.1811	"incompatibletest1"	-0.0110212485947447	0.0696875305814321	2	-0.0545836344431334	-1.02787009188948	2	5	NA	8	8	1	10	2	1	1	2	1	1	2	761.5	735.633333333333	5	NA	-1.02787009188948	0.0696875305814321	-0.0545836344431334	-0.0110212485947447
"138"	991102038	-0.485	0.8311	0.015	"incompatibletest1"	-0.0110212485947447	0.814917449452257	1	-0.0545836344431334	-1.02787009188948	1	0	-1	3	7	2	22	2	1	2	1	2	1	2	790.716666666667	679.883333333333	0	-1	0.814917449452257	-1.02787009188948	-0.0110212485947447	-0.0545836344431334
"139"	6254768	-0.2381	-0.1809	-0.3411	NA	-1.86731440476675	0.442302490016844	2	-0.0545836344431334	-1.02787009188948	2	-5	NA	7	8	1	48	2	2	2	2	1	2	2	724.65625	646.21875	-5	NA	0.442302490016844	-1.02787009188948	-1.86731440476675	-0.0545836344431334
"210"	28222567	-0.0016	0.0123	-0.0176	NA	-0.0110212485947447	-1.42077230716022	1	-0.258882380501719	0.655267183579543	1	-4	NA	9	7	1	39	1	2	2	1	1	2	2	610.09375	620.90625	-4	NA	0.655267183579543	-1.42077230716022	-0.258882380501719	-0.0110212485947447
"310"	38067043	-0.1038	-0.2023	-0.043	NA	-0.836040429115636	0.0696875305814321	1	-0.0545836344431334	-0.691242636795675	1	-4	NA	9	8	1	35	1	2	1	1	1	2	2	663.890625	623.765625	-4	NA	0.0696875305814321	-0.691242636795675	-0.836040429115636	-0.0545836344431334
"410"	49356346	-0.0356	-0.1365	0.1955	NA	1.22650752218659	-1.42077230716022	2	1.37550758796696	1.32852209376715	2	2	-4	9	9	2	58	2	1	1	2	2	2	2	813.1875	804.171875	-4	2	1.32852209376715	-1.42077230716022	1.37550758796696	1.22650752218659
"510"	69776936	-0.2401	-0.0423	-0.3786	NA	-0.0110212485947447	0.0696875305814321	1	-0.0545836344431334	-1.02787009188948	1	-4	NA	9	9	1	40	2	2	2	1	1	2	2	690.625	620.65625	-4	NA	0.0696875305814321	-1.02787009188948	-0.0110212485947447	-0.0545836344431334
"610"	83541368	-0.0691	0.0406	-0.1791	NA	1.84527190757726	0.442302490016844	1	1.78410508008413	1.32852209376715	1	-2	-4	9	9	2	56	2	2	2	1	2	2	2	643.78125	634.953125	-2	-4	0.442302490016844	1.32852209376715	1.84527190757726	1.78410508008413
"710"	85077602	-0.0138	0.0825	-0.0654	NA	-0.0110212485947447	-1.42077230716022	1	-0.0545836344431334	1.32852209376715	1	-4	NA	9	8	1	34	2	1	1	1	1	2	2	939.484375	920.96875	-4	NA	1.32852209376715	-1.42077230716022	-0.0545836344431334	-0.0110212485947447
"810"	96533103	0.1492	0.172	0.1234	NA	-0.0110212485947447	-1.42077230716022	2	-1.48467485685323	0.318639728485739	2	-4	NA	8	9	1	47	1	2	2	2	1	2	2	779.28125	809.703125	-4	NA	0.318639728485739	-1.42077230716022	-1.48467485685323	-0.0110212485947447
"910"	105782134	-0.0949	-0.4687	0.3374	NA	0.813997931926147	0.814917449452257	1	1.98840382614272	1.66514954886096	1	-3	5	9	9	2	54	2	1	2	1	2	2	2	651.5	643.34375	-3	5	0.814917449452257	1.66514954886096	0.813997931926147	1.98840382614272
"1010"	134000677	-0.09	0.1452	-0.2476	NA	-0.0110212485947447	-1.42077230716022	1	-2.09757109502899	1.66514954886096	1	-5	NA	9	4	1	37	1	1	2	1	1	2	2	1180.1875	1142.296875	-5	NA	1.66514954886096	-1.42077230716022	-2.09757109502899	-0.0110212485947447
"1110"	136051190	0.2315	0.1295	0.3518	NA	0.401488341665701	-1.42077230716022	1	0.149715111615452	0.655267183579543	1	-5	4	8	8	2	54	2	1	2	1	2	2	2	980.9375	964.4375	-5	4	-1.42077230716022	0.655267183579543	0.401488341665701	0.149715111615452
"1210"	163482149	0.1326	0.1412	0.1602	NA	-0.0110212485947447	-1.42077230716022	1	0.762611349791207	1.32852209376715	1	-5	NA	9	9	1	37	1	1	2	1	1	2	2	579.609375	627.859375	-5	NA	1.32852209376715	-1.42077230716022	0.762611349791207	-0.0110212485947447
"1310"	167019570	0.2413	-0.006	0.4367	NA	-0.217276043724968	0.0696875305814321	1	-1.48467485685323	0.991894638673348	1	-3	4	4	5	2	50	2	1	1	1	2	2	1	831.84375	870.953125	-3	4	0.991894638673348	0.0696875305814321	-1.48467485685323	-0.217276043724968
"141"	168055083	-0.0565	-0.1457	2e-04	NA	-0.423530838855191	1.18753240888767	2	0.762611349791207	-1.02787009188948	2	-5	NA	8	6	1	43	1	2	1	2	1	2	2	1015.359375	1023.328125	-5	NA	1.18753240888767	-1.02787009188948	-0.423530838855191	0.762611349791207
"151"	198761715	-0.4511	-0.4109	-0.6219	NA	-2.07356919989697	-0.30292742885398	1	0.966910095849792	1.66514954886096	1	-2	5	9	7	2	51	1	2	1	1	2	2	2	730.609375	649.265625	-2	5	-0.30292742885398	1.66514954886096	-2.07356919989697	0.966910095849792
"161"	207929825	-0.258	-0.0223	-0.5332	NA	-0.0110212485947447	0.0696875305814321	1	-0.0545836344431334	-1.02787009188948	1	-4	NA	8	8	1	33	1	1	1	1	1	2	2	994.875	822.03125	-4	NA	0.0696875305814321	-1.02787009188948	-0.0110212485947447	-0.0545836344431334
"171"	210330162	0.0967	0.0248	0.1628	NA	0.607743136795924	0.814917449452257	1	0.354013857674037	-1.02787009188948	1	-5	0	6	7	2	50	2	1	1	1	2	2	2	618.96875	629.515625	-5	0	-1.02787009188948	0.814917449452257	0.354013857674037	0.607743136795924
"181"	222885360	-0.1637	-0.3491	-0.0123	NA	-0.0110212485947447	0.0696875305814321	2	-0.0545836344431334	-1.02787009188948	2	-4	NA	9	9	1	48	2	2	2	2	1	2	2	736.5625	714.25	-4	NA	0.0696875305814321	-1.02787009188948	-0.0110212485947447	-0.0545836344431334
"191"	226013361	-0.0517	-0.2218	0.071	NA	0.607743136795924	0.814917449452257	1	0.762611349791207	-1.02787009188948	1	4	4	7	8	2	49	1	1	1	1	2	2	2	774.546875	763.40625	4	4	0.814917449452257	-1.02787009188948	0.607743136795924	0.762611349791207
"201"	231255218	-0.0358	0.0987	-0.1699	NA	-0.0110212485947447	-1.42077230716022	1	-0.0545836344431334	0.991894638673348	1	5	2	9	9	2	50	2	1	1	1	2	2	2	639.65625	636.171875	5	2	0.991894638673348	-1.42077230716022	-0.0545836344431334	-0.0110212485947447
"211"	238462524	0.1485	0.3712	-0.0996	NA	-0.0110212485947447	0.0696875305814321	2	-0.0545836344431334	0.655267183579543	2	-2	-4	2	7	2	60	2	2	1	2	2	2	0	666.796875	699.484375	-4	-2	0.655267183579543	0.0696875305814321	-0.0545836344431334	-0.0110212485947447
"221"	250280551	-0.0368	-0.1964	0.1489	NA	-0.836040429115636	-1.42077230716022	1	-0.871778618677474	-1.02787009188948	1	-5	NA	4	4	1	39	1	2	2	1	1	2	2	2484.265625	2611.71875	-5	NA	-1.02787009188948	-1.42077230716022	-0.871778618677474	-0.836040429115636
"231"	251739258	-0.0676	-0.2031	0.0949	NA	-2.07356919989697	1.56014736832308	2	-0.463181126560304	0.991894638673348	2	-2	-5	9	9	2	58	2	1	1	2	2	2	0	623.1875	613.140625	-5	-2	0.991894638673348	1.56014736832308	-0.463181126560304	-2.07356919989697
"241"	258893218	0.077	0.1334	0.0415	NA	-0.0110212485947447	-1.42077230716022	1	-0.0545836344431334	0.318639728485739	1	-3	NA	6	6	1	34	2	1	1	1	1	2	2	815.203125	824.78125	-3	NA	0.318639728485739	-1.42077230716022	-0.0545836344431334	-0.0110212485947447
"251"	265466423	0.0779	0.021	0.1099	NA	1.84527190757726	1.18753240888767	1	1.57980633402555	-0.35461518170187	1	-5	5	6	8	2	55	1	2	2	1	2	2	2	1238.109375	1256.28125	-5	5	-0.35461518170187	1.18753240888767	1.57980633402555	1.84527190757726
"261"	266820653	0.0037	-0.0598	0.0595	NA	-0.0110212485947447	-1.42077230716022	2	-0.0545836344431334	0.991894638673348	2	-5	NA	9	9	1	45	1	1	2	2	1	2	2	636.125	635.640625	-5	NA	0.991894638673348	-1.42077230716022	-0.0545836344431334	-0.0110212485947447
"271"	272530337	0.5216	0.5862	0.4571	NA	-0.0110212485947447	0.814917449452257	1	-0.0545836344431334	-1.02787009188948	1	-3	NA	8	9	1	33	1	1	1	1	1	2	2	515.84375	561.828125	-3	NA	0.814917449452257	-1.02787009188948	-0.0110212485947447	-0.0545836344431334
"281"	287268283	-0.3311	-0.2771	-0.5677	NA	0.813997931926147	0.814917449452257	2	-0.871778618677474	-0.0179877266080658	2	5	-4	7	7	2	59	1	2	1	2	2	2	2	863.0625	748.734375	-4	5	0.814917449452257	-0.0179877266080658	0.813997931926147	-0.871778618677474
"291"	289078968	-0.0256	-0.1798	0.1565	NA	1.22650752218659	0.442302490016844	1	1.17120884190838	-0.691242636795675	1	4	-1	7	6	2	56	2	2	2	1	2	2	2	947.484375	917.484375	4	-1	0.442302490016844	-0.691242636795675	1.22650752218659	1.17120884190838
"301"	289356904	0.087	-0.3217	0.4229	NA	1.63901711244704	0.0696875305814321	1	0.966910095849792	-1.02787009188948	1	-5	NA	9	9	1	40	2	2	2	1	1	2	2	831.078125	845.5625	-5	NA	0.0696875305814321	-1.02787009188948	1.63901711244704	0.966910095849792
"311"	297275748	0.4063	0.6361	0.0458	NA	-0.0110212485947447	-1.42077230716022	1	-0.0545836344431334	-1.02787009188948	1	-4	NA	9	3	1	36	2	2	1	1	1	2	2	857.875	1010.125	-4	NA	-1.02787009188948	-1.42077230716022	-0.0545836344431334	-0.0110212485947447
"321"	308163059	0.3534	0.631	0.0189	NA	-0.629785633985413	0.442302490016844	1	-0.871778618677474	-0.691242636795675	1	-4	2	2	6	2	51	1	2	1	1	2	2	1	887.921875	1017.46875	-4	2	0.442302490016844	-0.691242636795675	-0.629785633985413	-0.871778618677474
"331"	320237820	-0.1436	-0.0201	-0.1998	NA	-0.217276043724968	0.0696875305814321	2	-0.463181126560304	0.991894638673348	2	2	-3	8	8	2	60	2	2	1	2	2	2	2	763.359375	734.765625	-3	2	0.991894638673348	0.0696875305814321	-0.463181126560304	-0.217276043724968
"341"	331024232	0.2488	0.2846	0.3157	NA	-0.423530838855191	0.0696875305814321	1	-0.871778618677474	-1.02787009188948	1	-5	NA	9	9	1	40	2	2	2	1	1	2	2	710.5625	770.078125	-5	NA	0.0696875305814321	-1.02787009188948	-0.423530838855191	-0.871778618677474
"351"	336190120	0.4454	0.5459	0.3298	NA	-1.66105960963653	0.0696875305814321	1	1.98840382614272	-1.02787009188948	1	4	NA	9	9	1	40	2	2	2	1	1	2	2	676.625	732	4	NA	0.0696875305814321	-1.02787009188948	-1.66105960963653	1.98840382614272
"361"	342369006	-0.3232	-0.5575	-0.1031	NA	-0.0110212485947447	-1.42077230716022	2	-0.0545836344431334	-1.02787009188948	2	0	NA	5	5	1	46	2	1	2	2	1	2	2	1010.96875	945.40625	0	NA	-1.42077230716022	-1.02787009188948	-0.0110212485947447	-0.0545836344431334
"371"	344245051	0.3355	0.3175	0.3726	NA	-1.24855001937608	0.0696875305814321	2	1.98840382614272	-1.02787009188948	2	5	-3	9	9	2	59	1	2	1	2	2	2	2	722.796875	773.3125	-3	5	0.0696875305814321	-1.02787009188948	-1.24855001937608	1.98840382614272
"381"	347918528	-0.0494	-0.047	-0.092	NA	0.813997931926147	0.442302490016844	2	-0.0545836344431334	-0.691242636795675	2	5	-3	9	9	2	0	2	2	2	2	2	2	2	845.109375	832.609375	-3	5	0.442302490016844	-0.691242636795675	0.813997931926147	-0.0545836344431334
"391"	353698983	-0.0749	0.0454	-0.1965	NA	1.22650752218659	-1.42077230716022	1	1.17120884190838	0.318639728485739	1	-5	NA	9	NA	1	39	1	2	2	1	1	2	2	1017.5625	981.984375	-5	NA	0.318639728485739	-1.42077230716022	1.17120884190838	1.22650752218659
"401"	357294016	0.243	0.2199	0.285	NA	-0.0110212485947447	0.0696875305814321	2	-0.0545836344431334	-1.02787009188948	2	1	-4	9	8	2	0	2	2	2	2	2	2	2	754.125	817.28125	-4	1	0.0696875305814321	-1.02787009188948	-0.0110212485947447	-0.0545836344431334
"411"	362156258	-0.0658	-0.14	0.1043	NA	1.84527190757726	-1.42077230716022	1	1.98840382614272	-0.35461518170187	1	4	NA	9	8	1	34	2	1	1	1	1	2	2	738.375	707.921875	4	NA	-0.35461518170187	-1.42077230716022	1.98840382614272	1.84527190757726
"421"	376063349	-0.0467	-0.1944	0.0119	NA	-0.0110212485947447	0.442302490016844	1	0.762611349791207	0.991894638673348	1	4	5	7	7	2	53	1	1	2	1	2	2	2	850.890625	847.078125	4	5	0.991894638673348	0.442302490016844	0.762611349791207	-0.0110212485947447
"431"	376333045	-0.1602	-0.1719	-0.1269	NA	-0.0110212485947447	0.0696875305814321	1	-0.0545836344431334	0.318639728485739	1	5	5	9	9	2	53	1	1	2	1	2	2	2	724.046875	695.609375	5	5	0.318639728485739	0.0696875305814321	-0.0545836344431334	-0.0110212485947447
"441"	385548861	0.2666	0.3385	0.074	NA	2.05152670270748	1.56014736832308	2	-1.07607736473606	1.32852209376715	2	5	-5	6	9	2	61	1	1	2	2	2	2	2	745.78125	838.625	-5	5	1.32852209376715	1.56014736832308	-1.07607736473606	2.05152670270748
"451"	390284799	-0.3637	-0.545	-0.2499	NA	-1.04229522424586	0.0696875305814321	2	-0.258882380501719	0.318639728485739	2	1	-5	9	7	2	63	1	2	2	2	2	2	2	740.59375	679.09375	-5	1	0.318639728485739	0.0696875305814321	-0.258882380501719	-1.04229522424586
"461"	413046571	0.1605	0.104	0.2424	NA	-0.0110212485947447	0.0696875305814321	2	-0.0545836344431334	-1.02787009188948	2	5	NA	9	9	1	43	1	2	1	2	1	2	2	922.84375	949.828125	5	NA	0.0696875305814321	-1.02787009188948	-0.0110212485947447	-0.0545836344431334
"471"	413440050	0.0991	0.141	0.0953	NA	-0.0110212485947447	-1.42077230716022	1	-0.0545836344431334	1.32852209376715	1	-5	3	8	8	2	50	2	1	1	1	2	2	2	751.671875	762.921875	-5	3	1.32852209376715	-1.42077230716022	-0.0545836344431334	-0.0110212485947447
"481"	452516799	-0.0415	0.0401	-0.104	NA	-0.0110212485947447	-0.675542388289393	2	-0.0545836344431334	-0.0179877266080658	2	5	-5	8	8	2	63	1	2	2	2	2	2	0	663.96875	652.453125	-5	5	-0.0179877266080658	-0.675542388289393	-0.0545836344431334	-0.0110212485947447
"491"	456818172	0.2425	0.3042	0.2055	NA	-0.217276043724968	0.0696875305814321	2	-0.0545836344431334	0.318639728485739	2	-5	-3	7	9	2	60	2	2	1	2	2	2	1	696.21875	737.40625	-3	-5	0.318639728485739	0.0696875305814321	-0.0545836344431334	-0.217276043724968
"501"	467429474	0.0951	-0.3081	0.3637	NA	-0.0110212485947447	-1.42077230716022	1	-1.07607736473606	0.318639728485739	1	-5	NA	9	4	1	34	2	1	1	1	1	2	2	695.453125	739.828125	-5	NA	0.318639728485739	-1.42077230716022	-1.07607736473606	-0.0110212485947447
"511"	474258924	0.025	-0.0542	0.0834	NA	-2.07356919989697	0.814917449452257	2	-0.0545836344431334	-1.02787009188948	2	-5	NA	8	9	1	44	2	2	1	2	1	2	2	753.25	760.25	-5	NA	-1.02787009188948	0.814917449452257	-0.0545836344431334	-2.07356919989697
"521"	474423793	-0.0175	-0.0106	0.055	NA	-0.0110212485947447	0.0696875305814321	1	0.149715111615452	0.318639728485739	1	-5	3	9	8	2	49	1	1	1	1	2	2	2	908.296875	901.640625	-5	3	0.0696875305814321	0.318639728485739	-0.0110212485947447	0.149715111615452
"531"	475243506	0.2282	0.1692	0.1693	NA	-0.0110212485947447	0.0696875305814321	1	-0.0545836344431334	0.318639728485739	1	-3	2	5	8	2	50	2	1	1	1	2	2	2	597.75	631.65625	-3	2	0.318639728485739	0.0696875305814321	-0.0545836344431334	-0.0110212485947447
"541"	485045946	-0.2812	-0.0777	-0.445	NA	-1.4548048145063	0.0696875305814321	2	-1.48467485685323	0.991894638673348	2	4	-3	7	7	2	58	2	1	1	2	2	2	2	905.796875	846.03125	-3	4	0.991894638673348	0.0696875305814321	-1.48467485685323	-1.4548048145063
"551"	490685867	0.0472	-0.2204	0.3553	NA	-1.04229522424586	0.0696875305814321	2	0.966910095849792	-1.02787009188948	2	-5	NA	9	9	1	43	1	2	1	2	1	2	2	705.125	714.296875	-5	NA	0.0696875305814321	-1.02787009188948	-1.04229522424586	0.966910095849792
"561"	495424511	0.1445	0.3111	-0.0464	NA	-0.0110212485947447	-1.42077230716022	2	-0.0545836344431334	1.66514954886096	2	4	0	3	8	2	63	1	2	2	2	2	2	2	680.6875	709.390625	0	4	1.66514954886096	-1.42077230716022	-0.0545836344431334	-0.0110212485947447
"571"	497739831	-0.0156	0.0493	-0.091	NA	0.813997931926147	0.0696875305814321	1	0.966910095849792	0.318639728485739	1	5	5	9	7	2	55	1	2	2	1	2	2	2	764.0625	764.703125	5	5	0.318639728485739	0.0696875305814321	0.966910095849792	0.813997931926147
"581"	500581672	-0.2469	-0.3553	-0.1405	NA	0.401488341665701	-0.30292742885398	1	-1.07607736473606	-1.02787009188948	1	-4	NA	8	9	1	40	2	2	2	1	1	2	2	703.5	631.78125	-4	NA	-0.30292742885398	-1.02787009188948	0.401488341665701	-1.07607736473606
"591"	502687595	0.2875	0.2742	0.2979	NA	-1.4548048145063	0.0696875305814321	2	-0.0545836344431334	-1.02787009188948	2	3	NA	5	8	1	43	1	2	1	2	1	2	2	639.796875	671.390625	3	NA	0.0696875305814321	-1.02787009188948	-1.4548048145063	-0.0545836344431334
"601"	515162667	0.0252	-0.1469	0.1251	NA	-0.0110212485947447	0.0696875305814321	2	-0.258882380501719	-1.02787009188948	2	0	NA	8	5	1	43	1	2	1	2	1	2	2	617.359375	623.28125	0	NA	0.0696875305814321	-1.02787009188948	-0.0110212485947447	-0.258882380501719
"611"	529689124	-0.0544	-0.1891	0.053	NA	-0.0110212485947447	-1.0481573477248	1	-0.0545836344431334	0.318639728485739	1	-2	NA	7	6	1	36	2	2	1	1	1	2	2	719.640625	723.0625	-2	NA	0.318639728485739	-1.0481573477248	-0.0545836344431334	-0.0110212485947447
"621"	536821120	0.0059	-0.1116	0.0908	NA	-2.07356919989697	0.0696875305814321	2	-2.09757109502899	-1.02787009188948	2	5	-5	6	8	2	0	2	2	2	2	2	2	2	938.09375	937.921875	-5	5	0.0696875305814321	-1.02787009188948	-2.07356919989697	-2.09757109502899
"631"	566645674	-0.4752	-0.4728	-0.475	NA	-0.0110212485947447	-1.42077230716022	2	-0.258882380501719	-0.691242636795675	2	-5	NA	9	9	1	42	2	1	1	2	1	2	2	819.640625	727.625	-5	NA	-0.691242636795675	-1.42077230716022	-0.258882380501719	-0.0110212485947447
"641"	571312125	-0.0611	0.0278	-0.1271	NA	-0.836040429115636	-0.675542388289393	2	-0.871778618677474	-0.35461518170187	2	-1	-5	4	4	2	61	1	1	2	2	2	2	2	1345.578125	1316	-5	-1	-0.35461518170187	-0.675542388289393	-0.871778618677474	-0.836040429115636
"651"	581173797	-0.0132	0.0808	-0.0316	NA	-0.423530838855191	-0.675542388289393	1	0.354013857674037	0.655267183579543	1	-3	NA	7	7	1	37	1	1	2	1	1	2	2	1292.46875	1283.828125	-3	NA	0.655267183579543	-0.675542388289393	0.354013857674037	-0.423530838855191
"661"	609676450	0.1232	0.0922	0.1482	NA	1.22650752218659	-1.42077230716022	1	1.17120884190838	0.318639728485739	1	-3	NA	9	8	1	34	2	1	1	1	1	2	2	1033.9375	1079.671875	-3	NA	0.318639728485739	-1.42077230716022	1.17120884190838	1.22650752218659
"671"	623033600	0.1065	0.1745	0.021	NA	-0.0110212485947447	0.0696875305814321	2	-0.0545836344431334	1.66514954886096	2	1	-3	7	8	2	0	2	2	2	2	2	2	2	3752.984375	854.46875	-3	1	0.0696875305814321	1.66514954886096	-0.0110212485947447	-0.0545836344431334
"681"	645818239	-0.3777	-0.6577	-0.0312	NA	-0.0110212485947447	-1.42077230716022	2	-2.09757109502899	0.655267183579543	2	2	-3	9	9	2	63	1	2	2	2	2	2	2	927.296875	813	-3	2	0.655267183579543	-1.42077230716022	-2.09757109502899	-0.0110212485947447
"691"	646457584	0.289	0.1895	0.4089	NA	-0.0110212485947447	0.0696875305814321	2	1.98840382614272	-1.02787009188948	2	5	NA	9	9	1	48	2	2	2	2	1	2	2	774.15625	805.25	5	NA	0.0696875305814321	-1.02787009188948	-0.0110212485947447	1.98840382614272
"701"	646815982	-0.2659	-0.0674	-0.3983	NA	-1.66105960963653	0.814917449452257	2	-1.07607736473606	0.655267183579543	2	-5	NA	6	6	1	46	2	1	2	2	1	2	1	825.640625	920.59375	-5	NA	0.814917449452257	0.655267183579543	-1.66105960963653	-1.07607736473606
"711"	654229734	-0.3843	-0.4223	-0.3602	NA	-0.0110212485947447	-1.42077230716022	1	-0.0545836344431334	-1.02787009188948	1	-4	NA	9	9	1	38	2	1	2	1	1	2	2	1203.109375	1031.15625	-4	NA	-1.42077230716022	-1.02787009188948	-0.0110212485947447	-0.0545836344431334
"721"	655642430	-0.1065	-0.0392	-0.2108	NA	1.43276231731682	0.814917449452257	2	1.37550758796696	-1.02787009188948	2	3	-3	5	7	2	62	2	1	2	2	2	2	2	793.0625	759.703125	-3	3	0.814917449452257	-1.02787009188948	1.43276231731682	1.37550758796696
"731"	656595234	0.1992	-0.0074	0.4884	NA	-0.0110212485947447	1.18753240888767	1	-0.258882380501719	-1.02787009188948	1	-4	NA	8	8	1	34	2	1	1	1	1	2	0	981.8125	1023.828125	-4	NA	-1.02787009188948	1.18753240888767	-0.258882380501719	-0.0110212485947447
"741"	665958264	0.0069	0.0208	-0.0049	NA	-0.836040429115636	0.0696875305814321	1	-0.463181126560304	1.66514954886096	1	-4	-1	7	8	2	56	2	2	2	1	2	2	2	790.65625	796.453125	-4	-1	0.0696875305814321	1.66514954886096	-0.836040429115636	-0.463181126560304
"751"	673937471	0.0939	-0.1255	0.3944	NA	-0.0110212485947447	1.56014736832308	2	0.354013857674037	0.318639728485739	2	2	-3	5	7	2	63	1	2	2	2	2	2	2	775.65625	790.171875	-3	2	0.318639728485739	1.56014736832308	0.354013857674037	-0.0110212485947447
"761"	682187765	-0.0455	-0.0808	-7e-04	NA	0.195233546535478	1.56014736832308	1	-0.258882380501719	1.32852209376715	1	-5	4	9	8	2	53	1	1	2	1	2	2	2	887.359375	869.34375	-5	4	1.32852209376715	1.56014736832308	-0.258882380501719	0.195233546535478
"771"	687780026	0.0992	0.0614	0.1385	NA	-0.0110212485947447	-1.42077230716022	2	-0.0545836344431334	1.32852209376715	2	3	-3	8	7	2	58	2	1	1	2	2	2	2	746.328125	761.203125	-3	3	1.32852209376715	-1.42077230716022	-0.0545836344431334	-0.0110212485947447
"781"	697760558	-0.2326	-0.148	-0.3299	NA	0.607743136795924	0.814917449452257	2	0.762611349791207	-0.691242636795675	2	-4	NA	6	7	1	46	2	1	2	2	1	2	2	799.6875	716.71875	-4	NA	0.814917449452257	-0.691242636795675	0.607743136795924	0.762611349791207
"791"	702348977	0.2916	0.4171	0.2121	NA	-0.0110212485947447	0.814917449452257	1	-0.0545836344431334	-1.02787009188948	1	-3	4	4	8	2	49	1	1	1	1	2	2	2	612.09375	648.109375	-3	4	0.814917449452257	-1.02787009188948	-0.0110212485947447	-0.0545836344431334
"801"	717641586	0.2821	0.4129	0.1216	NA	1.43276231731682	-1.42077230716022	1	-1.68897360291181	0.655267183579543	1	5	2	8	9	2	50	2	1	1	1	2	2	2	696.25	723.328125	5	2	0.655267183579543	-1.42077230716022	-1.68897360291181	1.43276231731682
"811"	717847466	0.1862	0.3352	0.0023	NA	-0.0110212485947447	-1.42077230716022	2	-0.0545836344431334	1.32852209376715	2	-3	NA	9	9	1	42	2	1	1	2	1	2	2	875.96875	901.734375	-3	NA	1.32852209376715	-1.42077230716022	-0.0545836344431334	-0.0110212485947447
"821"	730801707	0.3075	0.1559	0.3999	NA	-0.0110212485947447	0.0696875305814321	2	1.98840382614272	-1.02787009188948	2	-5	NA	9	5	1	43	1	2	1	2	1	2	2	793.09375	890.828125	-5	NA	0.0696875305814321	-1.02787009188948	-0.0110212485947447	1.98840382614272
"831"	731707645	0.0536	-0.0969	0.3289	NA	1.84527190757726	1.56014736832308	2	0.354013857674037	0.991894638673348	2	4	1	9	9	2	61	1	1	2	2	2	2	0	1076.515625	1023.234375	1	4	0.991894638673348	1.56014736832308	0.354013857674037	1.84527190757726
"841"	733344488	-0.0743	-0.2131	0.1131	NA	-0.0110212485947447	0.0696875305814321	1	0.762611349791207	-1.02787009188948	1	-3	NA	8	9	1	40	2	2	2	1	1	2	2	803.328125	792.1875	-3	NA	0.0696875305814321	-1.02787009188948	-0.0110212485947447	0.762611349791207
"851"	735749670	0.1565	0.3307	-0.0404	NA	-0.0110212485947447	0.442302490016844	1	-0.0545836344431334	-1.02787009188948	1	4	NA	9	7	1	38	2	1	2	1	1	2	2	739.9375	775.734375	4	NA	0.442302490016844	-1.02787009188948	-0.0110212485947447	-0.0545836344431334
"861"	738600179	0.0697	0.0126	0.1538	NA	-0.0110212485947447	0.0696875305814321	1	-0.0545836344431334	-1.02787009188948	1	-5	2	9	9	2	51	1	2	1	1	2	2	2	1013.421875	3188.71875	-5	2	0.0696875305814321	-1.02787009188948	-0.0110212485947447	-0.0545836344431334
"871"	752367713	0.2998	0.1976	0.2928	NA	1.02025272705637	0.814917449452257	1	0.558312603732622	0.318639728485739	1	-2	NA	6	7	1	33	1	1	1	1	1	2	2	1125.859375	1361.453125	-2	NA	0.814917449452257	0.318639728485739	1.02025272705637	0.558312603732622
"881"	764739959	-0.0883	-0.0949	-0.0293	NA	0.607743136795924	-1.42077230716022	1	0.558312603732622	0.318639728485739	1	-1	-3	8	9	2	55	1	2	2	1	2	2	2	1035.296875	997.46875	-1	-3	0.318639728485739	-1.42077230716022	0.558312603732622	0.607743136795924
"891"	778439351	0.0136	-0.2574	0.2286	NA	1.02025272705637	0.0696875305814321	1	1.37550758796696	0.318639728485739	1	-3	3	7	8	2	55	1	2	2	1	2	2	2	890.609375	888.203125	-3	3	0.318639728485739	0.0696875305814321	1.37550758796696	1.02025272705637
"901"	780236340	-0.2924	-0.2328	-0.3509	NA	1.63901711244704	0.0696875305814321	1	-0.667479872618889	-0.35461518170187	1	-4	1	6	6	2	52	2	2	1	1	2	2	2	1145.015625	953.921875	-4	1	-0.35461518170187	0.0696875305814321	-0.667479872618889	1.63901711244704
"911"	785858025	-0.1125	0.0379	-0.3632	NA	-1.04229522424586	1.18753240888767	2	0.149715111615452	-1.02787009188948	2	-3	NA	5	7	1	41	1	1	1	2	1	2	2	755.328125	731.515625	-3	NA	1.18753240888767	-1.02787009188948	-1.04229522424586	0.149715111615452
"921"	793118066	0.2228	0.3072	0.1029	NA	-0.0110212485947447	-1.42077230716022	1	-0.0545836344431334	1.32852209376715	1	-4	2	5	5	2	50	2	1	1	1	2	2	2	880.46875	922.15625	-4	2	1.32852209376715	-1.42077230716022	-0.0545836344431334	-0.0110212485947447
"931"	803433717	-0.102	-0.3887	0.1054	NA	0.607743136795924	1.56014736832308	1	1.37550758796696	0.655267183579543	1	3	-4	7	8	2	53	1	1	2	1	2	2	2	639.9375	624.359375	3	-4	0.655267183579543	1.56014736832308	1.37550758796696	0.607743136795924
"941"	813028856	0.1707	-0.1139	0.5093	NA	-0.0110212485947447	0.0696875305814321	1	0.558312603732622	1.66514954886096	1	-5	4	9	9	2	56	2	2	2	1	2	2	2	859.09375	934.78125	-5	4	0.0696875305814321	1.66514954886096	-0.0110212485947447	0.558312603732622
"951"	825568739	0.4639	0.4836	0.481	NA	0.607743136795924	0.0696875305814321	1	-0.0545836344431334	-1.02787009188948	1	-5	NA	7	9	1	35	1	2	1	1	1	2	2	996.4375	1246.90625	-5	NA	0.0696875305814321	-1.02787009188948	0.607743136795924	-0.0545836344431334
"961"	829010473	0.0325	0.0598	0.026	NA	-1.4548048145063	0.814917449452257	2	-0.0545836344431334	-1.02787009188948	2	-3	NA	8	6	1	41	1	1	1	2	1	2	2	584.734375	596.40625	-3	NA	0.814917449452257	-1.02787009188948	-1.4548048145063	-0.0545836344431334
"971"	831569075	0.1207	0.2025	0.027	NA	-2.07356919989697	-0.30292742885398	1	-0.871778618677474	-0.0179877266080658	1	-5	-1	4	4	2	51	1	2	1	1	2	2	2	1080.890625	1158.546875	-5	-1	-0.30292742885398	-0.0179877266080658	-2.07356919989697	-0.871778618677474
"981"	838874621	0.0689	0.0241	0.1421	NA	1.02025272705637	-0.30292742885398	2	-1.68897360291181	0.655267183579543	2	5	-4	6	6	2	61	1	1	2	2	2	2	2	884.765625	905.0625	-4	5	0.655267183579543	-0.30292742885398	-1.68897360291181	1.02025272705637
"991"	874220206	-0.1663	-0.2516	-0.0211	NA	-2.07356919989697	-1.42077230716022	2	-2.09757109502899	-1.02787009188948	2	0	NA	9	9	1	46	2	1	2	2	1	2	1	1101.828125	1145.46875	0	NA	-1.42077230716022	-1.02787009188948	-2.07356919989697	-2.09757109502899
"1001"	878737517	-0.2642	-0.2959	-0.2303	NA	-2.07356919989697	0.814917449452257	2	-2.09757109502899	1.66514954886096	2	-5	NA	7	9	1	45	1	1	2	2	1	2	2	836.828125	742.78125	-5	NA	1.66514954886096	0.814917449452257	-2.09757109502899	-2.07356919989697
"1011"	881311985	-0.0556	0.0463	-0.2144	NA	0.401488341665701	0.814917449452257	1	0.354013857674037	-1.02787009188948	1	2	3	9	9	2	49	1	1	1	1	2	2	2	697.765625	688.609375	2	3	0.814917449452257	-1.02787009188948	0.401488341665701	0.354013857674037
"1021"	889536173	-0.127	0.0932	-0.357	NA	1.63901711244704	1.18753240888767	2	1.57980633402555	1.32852209376715	2	-4	NA	9	8	1	45	1	1	2	2	1	2	0	2069.5	1747.09375	-4	NA	1.32852209376715	1.18753240888767	1.57980633402555	1.63901711244704
"1031"	893067128	-0.2102	-0.24	-0.1929	NA	0.607743136795924	1.18753240888767	1	0.354013857674037	0.991894638673348	1	0	3	7	6	2	56	2	2	2	1	2	2	2	1085.125	1060.6875	0	3	1.18753240888767	0.991894638673348	0.607743136795924	0.354013857674037
"1041"	893367594	-0.1218	-0.3072	0.0339	NA	-0.0110212485947447	-0.675542388289393	2	-0.0545836344431334	-0.691242636795675	2	-4	NA	8	8	1	42	2	1	1	2	1	2	0	921.796875	893.96875	-4	NA	-0.691242636795675	-0.675542388289393	-0.0545836344431334	-0.0110212485947447
"1051"	908867888	-0.229	0.0921	-0.6035	NA	-0.0110212485947447	0.0696875305814321	2	-0.0545836344431334	-1.02787009188948	2	-5	NA	8	8	1	48	2	2	2	2	1	2	2	687.421875	651.53125	-5	NA	0.0696875305814321	-1.02787009188948	-0.0110212485947447	-0.0545836344431334
"1061"	918679393	0.1381	0.3233	-0.0197	NA	-0.423530838855191	0.442302490016844	1	0.966910095849792	-1.02787009188948	1	4	NA	8	8	1	33	1	1	1	1	1	2	2	871.5625	901.515625	4	NA	0.442302490016844	-1.02787009188948	-0.423530838855191	0.966910095849792
"1071"	921164457	0.0801	-0.0287	0.1455	NA	0.195233546535478	0.814917449452257	2	0.149715111615452	-1.02787009188948	2	-5	NA	6	9	1	41	1	1	1	2	1	2	2	847.546875	866.421875	-5	NA	0.814917449452257	-1.02787009188948	0.195233546535478	0.149715111615452
"1081"	925177974	-0.0216	0.4223	-0.3978	NA	-1.66105960963653	0.0696875305814321	1	-0.0545836344431334	1.66514954886096	1	0	5	8	5	2	54	2	1	2	1	2	2	2	788.703125	789.421875	0	5	0.0696875305814321	1.66514954886096	-1.66105960963653	-0.0545836344431334
"1091"	928293884	0.3534	0.5309	0.2328	NA	-0.0110212485947447	1.18753240888767	2	0.966910095849792	0.318639728485739	2	4	-4	6	9	2	60	2	2	1	2	2	2	2	781.515625	840.765625	-4	4	0.318639728485739	1.18753240888767	0.966910095849792	-0.0110212485947447
"1101"	929807282	0.1656	0.3849	0.0724	NA	-0.0110212485947447	1.18753240888767	1	-0.0545836344431334	1.66514954886096	1	-3	3	9	9	2	50	2	1	1	1	2	2	2	593.53125	625.46875	-3	3	1.66514954886096	1.18753240888767	-0.0545836344431334	-0.0110212485947447
"1111"	934146211	0.339	0.4467	0.1954	NA	-0.423530838855191	0.814917449452257	1	0.762611349791207	-1.02787009188948	1	-4	NA	8	9	1	35	1	2	1	1	1	2	2	750.8125	797.203125	-4	NA	0.814917449452257	-1.02787009188948	-0.423530838855191	0.762611349791207
"1121"	934340321	-0.1125	-0.0216	-0.2744	NA	-0.0110212485947447	0.814917449452257	1	-0.0545836344431334	-1.02787009188948	1	-4	NA	9	8	1	33	1	1	1	1	1	2	2	641.234375	634.359375	-4	NA	0.814917449452257	-1.02787009188948	-0.0110212485947447	-0.0545836344431334
"1131"	947113536	0.1305	-0.128	0.3004	NA	-0.629785633985413	0.0696875305814321	2	-1.8932723489704	1.32852209376715	2	-2	-5	2	8	2	0	2	2	2	2	2	2	2	750.515625	789.421875	-5	-2	0.0696875305814321	1.32852209376715	-0.629785633985413	-1.8932723489704
"1141"	947880622	-0.0243	0.078	-0.0897	NA	2.05152670270748	1.56014736832308	2	-2.09757109502899	-1.02787009188948	2	-5	NA	8	8	1	46	2	1	2	2	1	2	2	1362.296875	1347.390625	-5	NA	1.56014736832308	-1.02787009188948	2.05152670270748	-2.09757109502899
"1151"	949493222	-0.147	-0.1763	-0.1025	NA	-0.423530838855191	1.18753240888767	1	0.354013857674037	-1.02787009188948	1	-5	NA	9	9	1	38	2	1	2	1	1	2	2	814.921875	759.21875	-5	NA	1.18753240888767	-1.02787009188948	-0.423530838855191	0.354013857674037
"1161"	956320930	0.0279	-0.1715	0.4988	NA	2.05152670270748	-1.42077230716022	1	-0.871778618677474	0.991894638673348	1	-4	NA	8	5	1	34	2	1	1	1	1	2	2	1049.34375	826.8125	-4	NA	0.991894638673348	-1.42077230716022	-0.871778618677474	2.05152670270748
"1171"	960195686	-0.2753	-0.0925	-0.4758	NA	-0.0110212485947447	1.18753240888767	1	-0.0545836344431334	-0.35461518170187	1	-3	NA	9	8	1	38	2	1	2	1	1	2	2	997.921875	907.484375	-3	NA	1.18753240888767	-0.35461518170187	-0.0110212485947447	-0.0545836344431334
"1181"	962078518	0.2956	0.0643	0.3758	NA	-2.07356919989697	1.18753240888767	1	1.98840382614272	-1.02787009188948	1	-5	5	6	9	2	54	2	1	2	1	2	2	2	638.9375	764.375	-5	5	1.18753240888767	-1.02787009188948	-2.07356919989697	1.98840382614272
"1191"	962873086	-0.1402	0.0239	-0.3287	NA	2.05152670270748	1.18753240888767	2	1.98840382614272	1.66514954886096	2	0	-5	8	5	2	62	2	1	2	2	2	2	2	917.15625	888.703125	-5	0	1.18753240888767	1.66514954886096	2.05152670270748	1.98840382614272
"1201"	969914347	-0.176	0.1942	-0.3902	NA	1.84527190757726	0.442302490016844	2	1.98840382614272	-1.02787009188948	2	-5	NA	9	8	1	43	1	2	1	2	1	2	2	782.109375	742.0625	-5	NA	0.442302490016844	-1.02787009188948	1.84527190757726	1.98840382614272
"1211"	982505513	0.1437	0.1657	0.1045	NA	-2.07356919989697	1.18753240888767	2	1.98840382614272	-1.02787009188948	2	-5	NA	9	9	1	41	1	1	1	2	1	2	2	619.578125	637.90625	-5	NA	1.18753240888767	-1.02787009188948	-2.07356919989697	1.98840382614272
"1221"	984505966	0.0177	-0.0616	0.1251	NA	0.607743136795924	0.814917449452257	2	0.762611349791207	0.991894638673348	2	3	NA	7	6	1	46	2	1	2	2	1	2	2	800.328125	801.625	3	NA	0.814917449452257	0.991894638673348	0.607743136795924	0.762611349791207
"1231"	993024948	0.4841	0.4428	0.5147	NA	1.43276231731682	0.0696875305814321	1	-1.48467485685323	0.318639728485739	1	-3	4	7	8	2	52	2	2	1	1	2	2	2	768.421875	881.46875	-3	4	0.318639728485739	0.0696875305814321	-1.48467485685323	1.43276231731682
"1241"	994223221	0.3388	0.4108	0.202	NA	-1.04229522424586	-1.42077230716022	1	0.966910095849792	1.32852209376715	1	-5	-3	9	9	2	53	1	1	2	1	2	2	2	648.4375	756.578125	-5	-3	1.32852209376715	-1.42077230716022	0.966910095849792	-1.04229522424586
